0.8
0.800001
0.800002
0.800003
0.800004
0.800005
0.800006
0.800007
0.800008
0.800009
0.80001
0.800011
0.800012
0.800013
0.800014
0.800015
0.800016
0.800017
0.800018
0.800019
0.80002
0.800021
0.800022
0.800023
0.800024
0.800025
0.800026
0.800027
0.800028
0.800029
0.80003
0.800031
0.800032
0.800033
0.800034
0.800035
0.800036
0.800037
0.800038
0.800039
0.80004
0.800041
0.800042
0.800043
0.800044
0.800045
0.800046
0.800047
0.800048
0.800049
0.80005
0.800051
0.800052
0.800053
0.800054
0.800055
0.800056
0.800057
0.800058
0.800059
0.80006
0.800061
0.800062
0.800063
0.800064
0.800065
0.800066
0.800067
0.800068
0.800069
0.80007
0.800071
0.800072
0.800073
0.800074
0.800075
0.800076
0.800077
0.800078
0.800079
0.80008
0.800081
0.800082
0.800083
0.800084
0.800085
0.800086
0.800087
0.800088
0.800089
0.80009
0.800091
0.800092
0.800093
0.800094
0.800095
0.800096
0.800097
0.800098
0.800099
0.85
0.850001
0.850002
0.850003
0.850004
0.850005
0.850006
0.850007
0.850008
0.850009
0.85001
0.850011
0.850012
0.850013
0.850014
0.850015
0.850016
0.850017
0.850018
0.850019
0.85002
0.850021
0.850022
0.850023
0.850024
0.850025
0.850026
0.850027
0.850028
0.850029
0.85003
0.850031
0.850032
0.850033
0.850034
0.850035
0.850036
0.850037
0.850038
0.850039
0.85004
0.850041
0.850042
0.850043
0.850044
0.850045
0.850046
0.850047
0.850048
0.850049
0.85005
0.850051
0.850052
0.850053
0.850054
0.850055
0.850056
0.850057
0.850058
0.850059
0.85006
0.850061
0.850062
0.850063
0.850064
0.850065
0.850066
0.850067
0.850068
0.850069
0.85007
0.850071
0.850072
0.850073
0.850074
0.850075
0.850076
0.850077
0.850078
0.850079
0.85008
0.850081
0.850082
0.850083
0.850084
0.850085
0.850086
0.850087
0.850088
0.850089
0.85009
0.850091
0.850092
0.850093
0.850094
0.850095
0.850096
0.850097
0.850098
0.850099
0.9
0.900001
0.900002
0.900003
0.900004
0.900005
0.900006
0.900007
0.900008
0.900009
0.90001
0.900011
0.900012
0.900013
0.900014
0.900015
0.900016
0.900017
0.900018
0.900019
0.90002
0.900021
0.900022
0.900023
0.900024
0.900025
0.900026
0.900027
0.900028
0.900029
0.90003
0.900031
0.900032
0.900033
0.900034
0.900035
0.900036
0.900037
0.900038
0.900039
0.90004
0.900041
0.900042
0.900043
0.900044
0.900045
0.900046
0.900047
0.900048
0.900049
0.90005
0.900051
0.900052
0.900053
0.900054
0.900055
0.900056
0.900057
0.900058
0.900059
0.90006
0.900061
0.900062
0.900063
0.900064
0.900065
0.900066
0.900067
0.900068
0.900069
0.90007
0.900071
0.900072
0.900073
0.900074
0.900075
0.900076
0.900077
0.900078
0.900079
0.90008
0.900081
0.900082
0.900083
0.900084
0.900085
0.900086
0.900087
0.900088
0.900089
0.90009
0.900091
0.900092
0.900093
0.900094
0.900095
0.900096
0.900097
0.900098
0.900099
0.95
0.950001
0.950002
0.950003
0.950004
0.950005
0.950006
0.950007
0.950008
0.950009
0.95001
0.950011
0.950012
0.950013
0.950014
0.950015
0.950016
0.950017
0.950018
0.950019
0.95002
0.950021
0.950022
0.950023
0.950024
0.950025
0.950026
0.950027
0.950028
0.950029
0.95003
0.950031
0.950032
0.950033
0.950034
0.950035
0.950036
0.950037
0.950038
0.950039
0.95004
0.950041
0.950042
0.950043
0.950044
0.950045
0.950046
0.950047
0.950048
0.950049
0.95005
0.950051
0.950052
0.950053
0.950054
0.950055
0.950056
0.950057
0.950058
0.950059
0.95006
0.950061
0.950062
0.950063
0.950064
0.950065
0.950066
0.950067
0.950068
0.950069
0.95007
0.950071
0.950072
0.950073
0.950074
0.950075
0.950076
0.950077
0.950078
0.950079
0.95008
0.950081
0.950082
0.950083
0.950084
0.950085
0.950086
0.950087
0.950088
0.950089
0.95009
0.950091
0.950092
0.950093
0.950094
0.950095
0.950096
0.950097
0.950098
0.950099
0.99
0.990001
0.990002
0.990003
0.990004
0.990005
0.990006
0.990007
0.990008
0.990009
0.99001
0.990011
0.990012
0.990013
0.990014
0.990015
0.990016
0.990017
0.990018
0.990019
0.99002
0.990021
0.990022
0.990023
0.990024
0.990025
0.990026
0.990027
0.990028
0.990029
0.99003
0.990031
0.990032
0.990033
0.990034
0.990035
0.990036
0.990037
0.990038
0.990039
0.99004
0.990041
0.990042
0.990043
0.990044
0.990045
0.990046
0.990047
0.990048
0.990049
0.99005
0.990051
0.990052
0.990053
0.990054
0.990055
0.990056
0.990057
0.990058
0.990059
0.99006
0.990061
0.990062
0.990063
0.990064
0.990065
0.990066
0.990067
0.990068
0.990069
0.99007
0.990071
0.990072
0.990073
0.990074
0.990075
0.990076
0.990077
0.990078
0.990079
0.99008
0.990081
0.990082
0.990083
0.990084
0.990085
0.990086
0.990087
0.990088
0.990089
0.99009
0.990091
0.990092
0.990093
0.990094
0.990095
0.990096
0.990097
0.990098
0.990099
0.8
0.800001
0.800002
0.800003
0.800004
0.800005
0.800006
0.800007
0.800008
0.800009
0.80001
0.800011
0.800012
0.800013
0.800014
0.800015
0.800016
0.800017
0.800018
0.800019
0.80002
0.800021
0.800022
0.800023
0.800024
0.800025
0.800026
0.800027
0.800028
0.800029
0.80003
0.800031
0.800032
0.800033
0.800034
0.800035
0.800036
0.800037
0.800038
0.800039
0.80004
0.800041
0.800042
0.800043
0.800044
0.800045
0.800046
0.800047
0.800048
0.800049
0.80005
0.800051
0.800052
0.800053
0.800054
0.800055
0.800056
0.800057
0.800058
0.800059
0.80006
0.800061
0.800062
0.800063
0.800064
0.800065
0.800066
0.800067
0.800068
0.800069
0.80007
0.800071
0.800072
0.800073
0.800074
0.800075
0.800076
0.800077
0.800078
0.800079
0.80008
0.800081
0.800082
0.800083
0.800084
0.800085
0.800086
0.800087
0.800088
0.800089
0.80009
0.800091
0.800092
0.800093
0.800094
0.800095
0.800096
0.800097
0.800098
0.800099
0.85
0.850001
0.850002
0.850003
0.850004
0.850005
0.850006
0.850007
0.850008
0.850009
0.85001
0.850011
0.850012
0.850013
0.850014
0.850015
0.850016
0.850017
0.850018
0.850019
0.85002
0.850021
0.850022
0.850023
0.850024
0.850025
0.850026
0.850027
0.850028
0.850029
0.85003
0.850031
0.850032
0.850033
0.850034
0.850035
0.850036
0.850037
0.850038
0.850039
0.85004
0.850041
0.850042
0.850043
0.850044
0.850045
0.850046
0.850047
0.850048
0.850049
0.85005
0.850051
0.850052
0.850053
0.850054
0.850055
0.850056
0.850057
0.850058
0.850059
0.85006
0.850061
0.850062
0.850063
0.850064
0.850065
0.850066
0.850067
0.850068
0.850069
0.85007
0.850071
0.850072
0.850073
0.850074
0.850075
0.850076
0.850077
0.850078
0.850079
0.85008
0.850081
0.850082
0.850083
0.850084
0.850085
0.850086
0.850087
0.850088
0.850089
0.85009
0.850091
0.850092
0.850093
0.850094
0.850095
0.850096
0.850097
0.850098
0.850099
0.9
0.900001
0.900002
0.900003
0.900004
0.900005
0.900006
0.900007
0.900008
0.900009
0.90001
0.900011
0.900012
0.900013
0.900014
0.900015
0.900016
0.900017
0.900018
0.900019
0.90002
0.900021
0.900022
0.900023
0.900024
0.900025
0.900026
0.900027
0.900028
0.900029
0.90003
0.900031
0.900032
0.900033
0.900034
0.900035
0.900036
0.900037
0.900038
0.900039
0.90004
0.900041
0.900042
0.900043
0.900044
0.900045
0.900046
0.900047
0.900048
0.900049
0.90005
0.900051
0.900052
0.900053
0.900054
0.900055
0.900056
0.900057
0.900058
0.900059
0.90006
0.900061
0.900062
0.900063
0.900064
0.900065
0.900066
0.900067
0.900068
0.900069
0.90007
0.900071
0.900072
0.900073
0.900074
0.900075
0.900076
0.900077
0.900078
0.900079
0.90008
0.900081
0.900082
0.900083
0.900084
0.900085
0.900086
0.900087
0.900088
0.900089
0.90009
0.900091
0.900092
0.900093
0.900094
0.900095
0.900096
0.900097
0.900098
0.900099
0.95
0.950001
0.950002
0.950003
0.950004
0.950005
0.950006
0.950007
0.950008
0.950009
0.95001
0.950011
0.950012
0.950013
0.950014
0.950015
0.950016
0.950017
0.950018
0.950019
0.95002
0.950021
0.950022
0.950023
0.950024
0.950025
0.950026
0.950027
0.950028
0.950029
0.95003
0.950031
0.950032
0.950033
0.950034
0.950035
0.950036
0.950037
0.950038
0.950039
0.95004
0.950041
0.950042
0.950043
0.950044
0.950045
0.950046
0.950047
0.950048
0.950049
0.95005
0.950051
0.950052
0.950053
0.950054
0.950055
0.950056
0.950057
0.950058
0.950059
0.95006
0.950061
0.950062
0.950063
0.950064
0.950065
0.950066
0.950067
0.950068
0.950069
0.95007
0.950071
0.950072
0.950073
0.950074
0.950075
0.950076
0.950077
0.950078
0.950079
0.95008
0.950081
0.950082
0.950083
0.950084
0.950085
0.950086
0.950087
0.950088
0.950089
0.95009
0.950091
0.950092
0.950093
0.950094
0.950095
0.950096
0.950097
0.950098
0.950099
0.99
0.990001
0.990002
0.990003
0.990004
0.990005
0.990006
0.990007
0.990008
0.990009
0.99001
0.990011
0.990012
0.990013
0.990014
0.990015
0.990016
0.990017
0.990018
0.990019
0.99002
0.990021
0.990022
0.990023
0.990024
0.990025
0.990026
0.990027
0.990028
0.990029
0.99003
0.990031
0.990032
0.990033
0.990034
0.990035
0.990036
0.990037
0.990038
0.990039
0.99004
0.990041
0.990042
0.990043
0.990044
0.990045
0.990046
0.990047
0.990048
0.990049
0.99005
0.990051
0.990052
0.990053
0.990054
0.990055
0.990056
0.990057
0.990058
0.990059
0.99006
0.990061
0.990062
0.990063
0.990064
0.990065
0.990066
0.990067
0.990068
0.990069
0.99007
0.990071
0.990072
0.990073
0.990074
0.990075
0.990076
0.990077
0.990078
0.990079
0.99008
0.990081
0.990082
0.990083
0.990084
0.990085
0.990086
0.990087
0.990088
0.990089
0.99009
0.990091
0.990092
0.990093
0.990094
0.990095
0.990096
0.990097
0.990098
0.990099
0.8
0.800001
0.800002
0.800003
0.800004
0.800005
0.800006
0.800007
0.800008
0.800009
0.80001
0.800011
0.800012
0.800013
0.800014
0.800015
0.800016
0.800017
0.800018
0.800019
0.80002
0.800021
0.800022
0.800023
0.800024
0.800025
0.800026
0.800027
0.800028
0.800029
0.80003
0.800031
0.800032
0.800033
0.800034
0.800035
0.800036
0.800037
0.800038
0.800039
0.80004
0.800041
0.800042
0.800043
0.800044
0.800045
0.800046
0.800047
0.800048
0.800049
0.80005
0.800051
0.800052
0.800053
0.800054
0.800055
0.800056
0.800057
0.800058
0.800059
0.80006
0.800061
0.800062
0.800063
0.800064
0.800065
0.800066
0.800067
0.800068
0.800069
0.80007
0.800071
0.800072
0.800073
0.800074
0.800075
0.800076
0.800077
0.800078
0.800079
0.80008
0.800081
0.800082
0.800083
0.800084
0.800085
0.800086
0.800087
0.800088
0.800089
0.80009
0.800091
0.800092
0.800093
0.800094
0.800095
0.800096
0.800097
0.800098
0.800099
0.85
0.850001
0.850002
0.850003
0.850004
0.850005
0.850006
0.850007
0.850008
0.850009
0.85001
0.850011
0.850012
0.850013
0.850014
0.850015
0.850016
0.850017
0.850018
0.850019
0.85002
0.850021
0.850022
0.850023
0.850024
0.850025
0.850026
0.850027
0.850028
0.850029
0.85003
0.850031
0.850032
0.850033
0.850034
0.850035
0.850036
0.850037
0.850038
0.850039
0.85004
0.850041
0.850042
0.850043
0.850044
0.850045
0.850046
0.850047
0.850048
0.850049
0.85005
0.850051
0.850052
0.850053
0.850054
0.850055
0.850056
0.850057
0.850058
0.850059
0.85006
0.850061
0.850062
0.850063
0.850064
0.850065
0.850066
0.850067
0.850068
0.850069
0.85007
0.850071
0.850072
0.850073
0.850074
0.850075
0.850076
0.850077
0.850078
0.850079
0.85008
0.850081
0.850082
0.850083
0.850084
0.850085
0.850086
0.850087
0.850088
0.850089
0.85009
0.850091
0.850092
0.850093
0.850094
0.850095
0.850096
0.850097
0.850098
0.850099
0.9
0.900001
0.900002
0.900003
0.900004
0.900005
0.900006
0.900007
0.900008
0.900009
0.90001
0.900011
0.900012
0.900013
0.900014
0.900015
0.900016
0.900017
0.900018
0.900019
0.90002
0.900021
0.900022
0.900023
0.900024
0.900025
0.900026
0.900027
0.900028
0.900029
0.90003
0.900031
0.900032
0.900033
0.900034
0.900035
0.900036
0.900037
0.900038
0.900039
0.90004
0.900041
0.900042
0.900043
0.900044
0.900045
0.900046
0.900047
0.900048
0.900049
0.90005
0.900051
0.900052
0.900053
0.900054
0.900055
0.900056
0.900057
0.900058
0.900059
0.90006
0.900061
0.900062
0.900063
0.900064
0.900065
0.900066
0.900067
0.900068
0.900069
0.90007
0.900071
0.900072
0.900073
0.900074
0.900075
0.900076
0.900077
0.900078
0.900079
0.90008
0.900081
0.900082
0.900083
0.900084
0.900085
0.900086
0.900087
0.900088
0.900089
0.90009
0.900091
0.900092
0.900093
0.900094
0.900095
0.900096
0.900097
0.900098
0.900099
0.95
0.950001
0.950002
0.950003
0.950004
0.950005
0.950006
0.950007
0.950008
0.950009
0.95001
0.950011
0.950012
0.950013
0.950014
0.950015
0.950016
0.950017
0.950018
0.950019
0.95002
0.950021
0.950022
0.950023
0.950024
0.950025
0.950026
0.950027
0.950028
0.950029
0.95003
0.950031
0.950032
0.950033
0.950034
0.950035
0.950036
0.950037
0.950038
0.950039
0.95004
0.950041
0.950042
0.950043
0.950044
0.950045
0.950046
0.950047
0.950048
0.950049
0.95005
0.950051
0.950052
0.950053
0.950054
0.950055
0.950056
0.950057
0.950058
0.950059
0.95006
0.950061
0.950062
0.950063
0.950064
0.950065
0.950066
0.950067
0.950068
0.950069
0.95007
0.950071
0.950072
0.950073
0.950074
0.950075
0.950076
0.950077
0.950078
0.950079
0.95008
0.950081
0.950082
0.950083
0.950084
0.950085
0.950086
0.950087
0.950088
0.950089
0.95009
0.950091
0.950092
0.950093
0.950094
0.950095
0.950096
0.950097
0.950098
0.950099
0.99
0.990001
0.990002
0.990003
0.990004
0.990005
0.990006
0.990007
0.990008
0.990009
0.99001
0.990011
0.990012
0.990013
0.990014
0.990015
0.990016
0.990017
0.990018
0.990019
0.99002
0.990021
0.990022
0.990023
0.990024
0.990025
0.990026
0.990027
0.990028
0.990029
0.99003
0.990031
0.990032
0.990033
0.990034
0.990035
0.990036
0.990037
0.990038
0.990039
0.99004
0.990041
0.990042
0.990043
0.990044
0.990045
0.990046
0.990047
0.990048
0.990049
0.99005
0.990051
0.990052
0.990053
0.990054
0.990055
0.990056
0.990057
0.990058
0.990059
0.99006
0.990061
0.990062
0.990063
0.990064
0.990065
0.990066
0.990067
0.990068
0.990069
0.99007
0.990071
0.990072
0.990073
0.990074
0.990075
0.990076
0.990077
0.990078
0.990079
0.99008
0.990081
0.990082
0.990083
0.990084
0.990085
0.990086
0.990087
0.990088
0.990089
0.99009
0.990091
0.990092
0.990093
0.990094
0.990095
0.990096
0.990097
0.990098
0.990099
0.8
0.800001
0.800002
0.800003
0.800004
0.800005
0.800006
0.800007
0.800008
0.800009
0.80001
0.800011
0.800012
0.800013
0.800014
0.800015
0.800016
0.800017
0.800018
0.800019
0.80002
0.800021
0.800022
0.800023
0.800024
0.800025
0.800026
0.800027
0.800028
0.800029
0.80003
0.800031
0.800032
0.800033
0.800034
0.800035
0.800036
0.800037
0.800038
0.800039
0.80004
0.800041
0.800042
0.800043
0.800044
0.800045
0.800046
0.800047
0.800048
0.800049
0.80005
0.800051
0.800052
0.800053
0.800054
0.800055
0.800056
0.800057
0.800058
0.800059
0.80006
0.800061
0.800062
0.800063
0.800064
0.800065
0.800066
0.800067
0.800068
0.800069
0.80007
0.800071
0.800072
0.800073
0.800074
0.800075
0.800076
0.800077
0.800078
0.800079
0.80008
0.800081
0.800082
0.800083
0.800084
0.800085
0.800086
0.800087
0.800088
0.800089
0.80009
0.800091
0.800092
0.800093
0.800094
0.800095
0.800096
0.800097
0.800098
0.800099
0.85
0.850001
0.850002
0.850003
0.850004
0.850005
0.850006
0.850007
0.850008
0.850009
0.85001
0.850011
0.850012
0.850013
0.850014
0.850015
0.850016
0.850017
0.850018
0.850019
0.85002
0.850021
0.850022
0.850023
0.850024
0.850025
0.850026
0.850027
0.850028
0.850029
0.85003
0.850031
0.850032
0.850033
0.850034
0.850035
0.850036
0.850037
0.850038
0.850039
0.85004
0.850041
0.850042
0.850043
0.850044
0.850045
0.850046
0.850047
0.850048
0.850049
0.85005
0.850051
0.850052
0.850053
0.850054
0.850055
0.850056
0.850057
0.850058
0.850059
0.85006
0.850061
0.850062
0.850063
0.850064
0.850065
0.850066
0.850067
0.850068
0.850069
0.85007
0.850071
0.850072
0.850073
0.850074
0.850075
0.850076
0.850077
0.850078
0.850079
0.85008
0.850081
0.850082
0.850083
0.850084
0.850085
0.850086
0.850087
0.850088
0.850089
0.85009
0.850091
0.850092
0.850093
0.850094
0.850095
0.850096
0.850097
0.850098
0.850099
0.9
0.900001
0.900002
0.900003
0.900004
0.900005
0.900006
0.900007
0.900008
0.900009
0.90001
0.900011
0.900012
0.900013
0.900014
0.900015
0.900016
0.900017
0.900018
0.900019
0.90002
0.900021
0.900022
0.900023
0.900024
0.900025
0.900026
0.900027
0.900028
0.900029
0.90003
0.900031
0.900032
0.900033
0.900034
0.900035
0.900036
0.900037
0.900038
0.900039
0.90004
0.900041
0.900042
0.900043
0.900044
0.900045
0.900046
0.900047
0.900048
0.900049
0.90005
0.900051
0.900052
0.900053
0.900054
0.900055
0.900056
0.900057
0.900058
0.900059
0.90006
0.900061
0.900062
0.900063
0.900064
0.900065
0.900066
0.900067
0.900068
0.900069
0.90007
0.900071
0.900072
0.900073
0.900074
0.900075
0.900076
0.900077
0.900078
0.900079
0.90008
0.900081
0.900082
0.900083
0.900084
0.900085
0.900086
0.900087
0.900088
0.900089
0.90009
0.900091
0.900092
0.900093
0.900094
0.900095
0.900096
0.900097
0.900098
0.900099
0.95
0.950001
0.950002
0.950003
0.950004
0.950005
0.950006
0.950007
0.950008
0.950009
0.95001
0.950011
0.950012
0.950013
0.950014
0.950015
0.950016
0.950017
0.950018
0.950019
0.95002
0.950021
0.950022
0.950023
0.950024
0.950025
0.950026
0.950027
0.950028
0.950029
0.95003
0.950031
0.950032
0.950033
0.950034
0.950035
0.950036
0.950037
0.950038
0.950039
0.95004
0.950041
0.950042
0.950043
0.950044
0.950045
0.950046
0.950047
0.950048
0.950049
0.95005
0.950051
0.950052
0.950053
0.950054
0.950055
0.950056
0.950057
0.950058
0.950059
0.95006
0.950061
0.950062
0.950063
0.950064
0.950065
0.950066
0.950067
0.950068
0.950069
0.95007
0.950071
0.950072
0.950073
0.950074
0.950075
0.950076
0.950077
0.950078
0.950079
0.95008
0.950081
0.950082
0.950083
0.950084
0.950085
0.950086
0.950087
0.950088
0.950089
0.95009
0.950091
0.950092
0.950093
0.950094
0.950095
0.950096
0.950097
0.950098
0.950099
0.99
0.990001
0.990002
0.990003
0.990004
0.990005
0.990006
0.990007
0.990008
0.990009
0.99001
0.990011
0.990012
0.990013
0.990014
0.990015
0.990016
0.990017
0.990018
0.990019
0.99002
0.990021
0.990022
0.990023
0.990024
0.990025
0.990026
0.990027
0.990028
0.990029
0.99003
0.990031
0.990032
0.990033
0.990034
0.990035
0.990036
0.990037
0.990038
0.990039
0.99004
0.990041
0.990042
0.990043
0.990044
0.990045
0.990046
0.990047
0.990048
0.990049
0.99005
0.990051
0.990052
0.990053
0.990054
0.990055
0.990056
0.990057
0.990058
0.990059
0.99006
0.990061
0.990062
0.990063
0.990064
0.990065
0.990066
0.990067
0.990068
0.990069
0.99007
0.990071
0.990072
0.990073
0.990074
0.990075
0.990076
0.990077
0.990078
0.990079
0.99008
0.990081
0.990082
0.990083
0.990084
0.990085
0.990086
0.990087
0.990088
0.990089
0.99009
0.990091
0.990092
0.990093
0.990094
0.990095
0.990096
0.990097
0.990098
0.990099
0.8
0.800001
0.800002
0.800003
0.800004
0.800005
0.800006
0.800007
0.800008
0.800009
0.80001
0.800011
0.800012
0.800013
0.800014
0.800015
0.800016
0.800017
0.800018
0.800019
0.80002
0.800021
0.800022
0.800023
0.800024
0.800025
0.800026
0.800027
0.800028
0.800029
0.80003
0.800031
0.800032
0.800033
0.800034
0.800035
0.800036
0.800037
0.800038
0.800039
0.80004
0.800041
0.800042
0.800043
0.800044
0.800045
0.800046
0.800047
0.800048
0.800049
0.80005
0.800051
0.800052
0.800053
0.800054
0.800055
0.800056
0.800057
0.800058
0.800059
0.80006
0.800061
0.800062
0.800063
0.800064
0.800065
0.800066
0.800067
0.800068
0.800069
0.80007
0.800071
0.800072
0.800073
0.800074
0.800075
0.800076
0.800077
0.800078
0.800079
0.80008
0.800081
0.800082
0.800083
0.800084
0.800085
0.800086
0.800087
0.800088
0.800089
0.80009
0.800091
0.800092
0.800093
0.800094
0.800095
0.800096
0.800097
0.800098
0.800099
0.85
0.850001
0.850002
0.850003
0.850004
0.850005
0.850006
0.850007
0.850008
0.850009
0.85001
0.850011
0.850012
0.850013
0.850014
0.850015
0.850016
0.850017
0.850018
0.850019
0.85002
0.850021
0.850022
0.850023
0.850024
0.850025
0.850026
0.850027
0.850028
0.850029
0.85003
0.850031
0.850032
0.850033
0.850034
0.850035
0.850036
0.850037
0.850038
0.850039
0.85004
0.850041
0.850042
0.850043
0.850044
0.850045
0.850046
0.850047
0.850048
0.850049
0.85005
0.850051
0.850052
0.850053
0.850054
0.850055
0.850056
0.850057
0.850058
0.850059
0.85006
0.850061
0.850062
0.850063
0.850064
0.850065
0.850066
0.850067
0.850068
0.850069
0.85007
0.850071
0.850072
0.850073
0.850074
0.850075
0.850076
0.850077
0.850078
0.850079
0.85008
0.850081
0.850082
0.850083
0.850084
0.850085
0.850086
0.850087
0.850088
0.850089
0.85009
0.850091
0.850092
0.850093
0.850094
0.850095
0.850096
0.850097
0.850098
0.850099
0.9
0.900001
0.900002
0.900003
0.900004
0.900005
0.900006
0.900007
0.900008
0.900009
0.90001
0.900011
0.900012
0.900013
0.900014
0.900015
0.900016
0.900017
0.900018
0.900019
0.90002
0.900021
0.900022
0.900023
0.900024
0.900025
0.900026
0.900027
0.900028
0.900029
0.90003
0.900031
0.900032
0.900033
0.900034
0.900035
0.900036
0.900037
0.900038
0.900039
0.90004
0.900041
0.900042
0.900043
0.900044
0.900045
0.900046
0.900047
0.900048
0.900049
0.90005
0.900051
0.900052
0.900053
0.900054
0.900055
0.900056
0.900057
0.900058
0.900059
0.90006
0.900061
0.900062
0.900063
0.900064
0.900065
0.900066
0.900067
0.900068
0.900069
0.90007
0.900071
0.900072
0.900073
0.900074
0.900075
0.900076
0.900077
0.900078
0.900079
0.90008
0.900081
0.900082
0.900083
0.900084
0.900085
0.900086
0.900087
0.900088
0.900089
0.90009
0.900091
0.900092
0.900093
0.900094
0.900095
0.900096
0.900097
0.900098
0.900099
0.95
0.950001
0.950002
0.950003
0.950004
0.950005
0.950006
0.950007
0.950008
0.950009
0.95001
0.950011
0.950012
0.950013
0.950014
0.950015
0.950016
0.950017
0.950018
0.950019
0.95002
0.950021
0.950022
0.950023
0.950024
0.950025
0.950026
0.950027
0.950028
0.950029
0.95003
0.950031
0.950032
0.950033
0.950034
0.950035
0.950036
0.950037
0.950038
0.950039
0.95004
0.950041
0.950042
0.950043
0.950044
0.950045
0.950046
0.950047
0.950048
0.950049
0.95005
0.950051
0.950052
0.950053
0.950054
0.950055
0.950056
0.950057
0.950058
0.950059
0.95006
0.950061
0.950062
0.950063
0.950064
0.950065
0.950066
0.950067
0.950068
0.950069
0.95007
0.950071
0.950072
0.950073
0.950074
0.950075
0.950076
0.950077
0.950078
0.950079
0.95008
0.950081
0.950082
0.950083
0.950084
0.950085
0.950086
0.950087
0.950088
0.950089
0.95009
0.950091
0.950092
0.950093
0.950094
0.950095
0.950096
0.950097
0.950098
0.950099
0.99
0.990001
0.990002
0.990003
0.990004
0.990005
0.990006
0.990007
0.990008
0.990009
0.99001
0.990011
0.990012
0.990013
0.990014
0.990015
0.990016
0.990017
0.990018
0.990019
0.99002
0.990021
0.990022
0.990023
0.990024
0.990025
0.990026
0.990027
0.990028
0.990029
0.99003
0.990031
0.990032
0.990033
0.990034
0.990035
0.990036
0.990037
0.990038
0.990039
0.99004
0.990041
0.990042
0.990043
0.990044
0.990045
0.990046
0.990047
0.990048
0.990049
0.99005
0.990051
0.990052
0.990053
0.990054
0.990055
0.990056
0.990057
0.990058
0.990059
0.99006
0.990061
0.990062
0.990063
0.990064
0.990065
0.990066
0.990067
0.990068
0.990069
0.99007
0.990071
0.990072
0.990073
0.990074
0.990075
0.990076
0.990077
0.990078
0.990079
0.99008
0.990081
0.990082
0.990083
0.990084
0.990085
0.990086
0.990087
0.990088
0.990089
0.99009
0.990091
0.990092
0.990093
0.990094
0.990095
0.990096
0.990097
0.990098
0.990099
0.8
0.800001
0.800002
0.800003
0.800004
0.800005
0.800006
0.800007
0.800008
0.800009
0.80001
0.800011
0.800012
0.800013
0.800014
0.800015
0.800016
0.800017
0.800018
0.800019
0.80002
0.800021
0.800022
0.800023
0.800024
0.800025
0.800026
0.800027
0.800028
0.800029
0.80003
0.800031
0.800032
0.800033
0.800034
0.800035
0.800036
0.800037
0.800038
0.800039
0.80004
0.800041
0.800042
0.800043
0.800044
0.800045
0.800046
0.800047
0.800048
0.800049
0.80005
0.800051
0.800052
0.800053
0.800054
0.800055
0.800056
0.800057
0.800058
0.800059
0.80006
0.800061
0.800062
0.800063
0.800064
0.800065
0.800066
0.800067
0.800068
0.800069
0.80007
0.800071
0.800072
0.800073
0.800074
0.800075
0.800076
0.800077
0.800078
0.800079
0.80008
0.800081
0.800082
0.800083
0.800084
0.800085
0.800086
0.800087
0.800088
0.800089
0.80009
0.800091
0.800092
0.800093
0.800094
0.800095
0.800096
0.800097
0.800098
0.800099
0.85
0.850001
0.850002
0.850003
0.850004
0.850005
0.850006
0.850007
0.850008
0.850009
0.85001
0.850011
0.850012
0.850013
0.850014
0.850015
0.850016
0.850017
0.850018
0.850019
0.85002
0.850021
0.850022
0.850023
0.850024
0.850025
0.850026
0.850027
0.850028
0.850029
0.85003
0.850031
0.850032
0.850033
0.850034
0.850035
0.850036
0.850037
0.850038
0.850039
0.85004
0.850041
0.850042
0.850043
0.850044
0.850045
0.850046
0.850047
0.850048
0.850049
0.85005
0.850051
0.850052
0.850053
0.850054
0.850055
0.850056
0.850057
0.850058
0.850059
0.85006
0.850061
0.850062
0.850063
0.850064
0.850065
0.850066
0.850067
0.850068
0.850069
0.85007
0.850071
0.850072
0.850073
0.850074
0.850075
0.850076
0.850077
0.850078
0.850079
0.85008
0.850081
0.850082
0.850083
0.850084
0.850085
0.850086
0.850087
0.850088
0.850089
0.85009
0.850091
0.850092
0.850093
0.850094
0.850095
0.850096
0.850097
0.850098
0.850099
0.9
0.900001
0.900002
0.900003
0.900004
0.900005
0.900006
0.900007
0.900008
0.900009
0.90001
0.900011
0.900012
0.900013
0.900014
0.900015
0.900016
0.900017
0.900018
0.900019
0.90002
0.900021
0.900022
0.900023
0.900024
0.900025
0.900026
0.900027
0.900028
0.900029
0.90003
0.900031
0.900032
0.900033
0.900034
0.900035
0.900036
0.900037
0.900038
0.900039
0.90004
0.900041
0.900042
0.900043
0.900044
0.900045
0.900046
0.900047
0.900048
0.900049
0.90005
0.900051
0.900052
0.900053
0.900054
0.900055
0.900056
0.900057
0.900058
0.900059
0.90006
0.900061
0.900062
0.900063
0.900064
0.900065
0.900066
0.900067
0.900068
0.900069
0.90007
0.900071
0.900072
0.900073
0.900074
0.900075
0.900076
0.900077
0.900078
0.900079
0.90008
0.900081
0.900082
0.900083
0.900084
0.900085
0.900086
0.900087
0.900088
0.900089
0.90009
0.900091
0.900092
0.900093
0.900094
0.900095
0.900096
0.900097
0.900098
0.900099
0.95
0.950001
0.950002
0.950003
0.950004
0.950005
0.950006
0.950007
0.950008
0.950009
0.95001
0.950011
0.950012
0.950013
0.950014
0.950015
0.950016
0.950017
0.950018
0.950019
0.95002
0.950021
0.950022
0.950023
0.950024
0.950025
0.950026
0.950027
0.950028
0.950029
0.95003
0.950031
0.950032
0.950033
0.950034
0.950035
0.950036
0.950037
0.950038
0.950039
0.95004
0.950041
0.950042
0.950043
0.950044
0.950045
0.950046
0.950047
0.950048
0.950049
0.95005
0.950051
0.950052
0.950053
0.950054
0.950055
0.950056
0.950057
0.950058
0.950059
0.95006
0.950061
0.950062
0.950063
0.950064
0.950065
0.950066
0.950067
0.950068
0.950069
0.95007
0.950071
0.950072
0.950073
0.950074
0.950075
0.950076
0.950077
0.950078
0.950079
0.95008
0.950081
0.950082
0.950083
0.950084
0.950085
0.950086
0.950087
0.950088
0.950089
0.95009
0.950091
0.950092
0.950093
0.950094
0.950095
0.950096
0.950097
0.950098
0.950099
0.99
0.990001
0.990002
0.990003
0.990004
0.990005
0.990006
0.990007
0.990008
0.990009
0.99001
0.990011
0.990012
0.990013
0.990014
0.990015
0.990016
0.990017
0.990018
0.990019
0.99002
0.990021
0.990022
0.990023
0.990024
0.990025
0.990026
0.990027
0.990028
0.990029
0.99003
0.990031
0.990032
0.990033
0.990034
0.990035
0.990036
0.990037
0.990038
0.990039
0.99004
0.990041
0.990042
0.990043
0.990044
0.990045
0.990046
0.990047
0.990048
0.990049
0.99005
0.990051
0.990052
0.990053
0.990054
0.990055
0.990056
0.990057
0.990058
0.990059
0.99006
0.990061
0.990062
0.990063
0.990064
0.990065
0.990066
0.990067
0.990068
0.990069
0.99007
0.990071
0.990072
0.990073
0.990074
0.990075
0.990076
0.990077
0.990078
0.990079
0.99008
0.990081
0.990082
0.990083
0.990084
0.990085
0.990086
0.990087
0.990088
0.990089
0.99009
0.990091
0.990092
0.990093
0.990094
0.990095
0.990096
0.990097
0.990098
0.990099
0.8
0.800001
0.800002
0.800003
0.800004
0.800005
0.800006
0.800007
0.800008
0.800009
0.80001
0.800011
0.800012
0.800013
0.800014
0.800015
0.800016
0.800017
0.800018
0.800019
0.80002
0.800021
0.800022
0.800023
0.800024
0.800025
0.800026
0.800027
0.800028
0.800029
0.80003
0.800031
0.800032
0.800033
0.800034
0.800035
0.800036
0.800037
0.800038
0.800039
0.80004
0.800041
0.800042
0.800043
0.800044
0.800045
0.800046
0.800047
0.800048
0.800049
0.80005
0.800051
0.800052
0.800053
0.800054
0.800055
0.800056
0.800057
0.800058
0.800059
0.80006
0.800061
0.800062
0.800063
0.800064
0.800065
0.800066
0.800067
0.800068
0.800069
0.80007
0.800071
0.800072
0.800073
0.800074
0.800075
0.800076
0.800077
0.800078
0.800079
0.80008
0.800081
0.800082
0.800083
0.800084
0.800085
0.800086
0.800087
0.800088
0.800089
0.80009
0.800091
0.800092
0.800093
0.800094
0.800095
0.800096
0.800097
0.800098
0.800099
0.85
0.850001
0.850002
0.850003
0.850004
0.850005
0.850006
0.850007
0.850008
0.850009
0.85001
0.850011
0.850012
0.850013
0.850014
0.850015
0.850016
0.850017
0.850018
0.850019
0.85002
0.850021
0.850022
0.850023
0.850024
0.850025
0.850026
0.850027
0.850028
0.850029
0.85003
0.850031
0.850032
0.850033
0.850034
0.850035
0.850036
0.850037
0.850038
0.850039
0.85004
0.850041
0.850042
0.850043
0.850044
0.850045
0.850046
0.850047
0.850048
0.850049
0.85005
0.850051
0.850052
0.850053
0.850054
0.850055
0.850056
0.850057
0.850058
0.850059
0.85006
0.850061
0.850062
0.850063
0.850064
0.850065
0.850066
0.850067
0.850068
0.850069
0.85007
0.850071
0.850072
0.850073
0.850074
0.850075
0.850076
0.850077
0.850078
0.850079
0.85008
0.850081
0.850082
0.850083
0.850084
0.850085
0.850086
0.850087
0.850088
0.850089
0.85009
0.850091
0.850092
0.850093
0.850094
0.850095
0.850096
0.850097
0.850098
0.850099
0.9
0.900001
0.900002
0.900003
0.900004
0.900005
0.900006
0.900007
0.900008
0.900009
0.90001
0.900011
0.900012
0.900013
0.900014
0.900015
0.900016
0.900017
0.900018
0.900019
0.90002
0.900021
0.900022
0.900023
0.900024
0.900025
0.900026
0.900027
0.900028
0.900029
0.90003
0.900031
0.900032
0.900033
0.900034
0.900035
0.900036
0.900037
0.900038
0.900039
0.90004
0.900041
0.900042
0.900043
0.900044
0.900045
0.900046
0.900047
0.900048
0.900049
0.90005
0.900051
0.900052
0.900053
0.900054
0.900055
0.900056
0.900057
0.900058
0.900059
0.90006
0.900061
0.900062
0.900063
0.900064
0.900065
0.900066
0.900067
0.900068
0.900069
0.90007
0.900071
0.900072
0.900073
0.900074
0.900075
0.900076
0.900077
0.900078
0.900079
0.90008
0.900081
0.900082
0.900083
0.900084
0.900085
0.900086
0.900087
0.900088
0.900089
0.90009
0.900091
0.900092
0.900093
0.900094
0.900095
0.900096
0.900097
0.900098
0.900099
0.95
0.950001
0.950002
0.950003
0.950004
0.950005
0.950006
0.950007
0.950008
0.950009
0.95001
0.950011
0.950012
0.950013
0.950014
0.950015
0.950016
0.950017
0.950018
0.950019
0.95002
0.950021
0.950022
0.950023
0.950024
0.950025
0.950026
0.950027
0.950028
0.950029
0.95003
0.950031
0.950032
0.950033
0.950034
0.950035
0.950036
0.950037
0.950038
0.950039
0.95004
0.950041
0.950042
0.950043
0.950044
0.950045
0.950046
0.950047
0.950048
0.950049
0.95005
0.950051
0.950052
0.950053
0.950054
0.950055
0.950056
0.950057
0.950058
0.950059
0.95006
0.950061
0.950062
0.950063
0.950064
0.950065
0.950066
0.950067
0.950068
0.950069
0.95007
0.950071
0.950072
0.950073
0.950074
0.950075
0.950076
0.950077
0.950078
0.950079
0.95008
0.950081
0.950082
0.950083
0.950084
0.950085
0.950086
0.950087
0.950088
0.950089
0.95009
0.950091
0.950092
0.950093
0.950094
0.950095
0.950096
0.950097
0.950098
0.950099
0.99
0.990001
0.990002
0.990003
0.990004
0.990005
0.990006
0.990007
0.990008
0.990009
0.99001
0.990011
0.990012
0.990013
0.990014
0.990015
0.990016
0.990017
0.990018
0.990019
0.99002
0.990021
0.990022
0.990023
0.990024
0.990025
0.990026
0.990027
0.990028
0.990029
0.99003
0.990031
0.990032
0.990033
0.990034
0.990035
0.990036
0.990037
0.990038
0.990039
0.99004
0.990041
0.990042
0.990043
0.990044
0.990045
0.990046
0.990047
0.990048
0.990049
0.99005
0.990051
0.990052
0.990053
0.990054
0.990055
0.990056
0.990057
0.990058
0.990059
0.99006
0.990061
0.990062
0.990063
0.990064
0.990065
0.990066
0.990067
0.990068
0.990069
0.99007
0.990071
0.990072
0.990073
0.990074
0.990075
0.990076
0.990077
0.990078
0.990079
0.99008
0.990081
0.990082
0.990083
0.990084
0.990085
0.990086
0.990087
0.990088
0.990089
0.99009
0.990091
0.990092
0.990093
0.990094
0.990095
0.990096
0.990097
0.990098
0.990099
0.8
0.800001
0.800002
0.800003
0.800004
0.800005
0.800006
0.800007
0.800008
0.800009
0.80001
0.800011
0.800012
0.800013
0.800014
0.800015
0.800016
0.800017
0.800018
0.800019
0.80002
0.800021
0.800022
0.800023
0.800024
0.800025
0.800026
0.800027
0.800028
0.800029
0.80003
0.800031
0.800032
0.800033
0.800034
0.800035
0.800036
0.800037
0.800038
0.800039
0.80004
0.800041
0.800042
0.800043
0.800044
0.800045
0.800046
0.800047
0.800048
0.800049
0.80005
0.800051
0.800052
0.800053
0.800054
0.800055
0.800056
0.800057
0.800058
0.800059
0.80006
0.800061
0.800062
0.800063
0.800064
0.800065
0.800066
0.800067
0.800068
0.800069
0.80007
0.800071
0.800072
0.800073
0.800074
0.800075
0.800076
0.800077
0.800078
0.800079
0.80008
0.800081
0.800082
0.800083
0.800084
0.800085
0.800086
0.800087
0.800088
0.800089
0.80009
0.800091
0.800092
0.800093
0.800094
0.800095
0.800096
0.800097
0.800098
0.800099
0.85
0.850001
0.850002
0.850003
0.850004
0.850005
0.850006
0.850007
0.850008
0.850009
0.85001
0.850011
0.850012
0.850013
0.850014
0.850015
0.850016
0.850017
0.850018
0.850019
0.85002
0.850021
0.850022
0.850023
0.850024
0.850025
0.850026
0.850027
0.850028
0.850029
0.85003
0.850031
0.850032
0.850033
0.850034
0.850035
0.850036
0.850037
0.850038
0.850039
0.85004
0.850041
0.850042
0.850043
0.850044
0.850045
0.850046
0.850047
0.850048
0.850049
0.85005
0.850051
0.850052
0.850053
0.850054
0.850055
0.850056
0.850057
0.850058
0.850059
0.85006
0.850061
0.850062
0.850063
0.850064
0.850065
0.850066
0.850067
0.850068
0.850069
0.85007
0.850071
0.850072
0.850073
0.850074
0.850075
0.850076
0.850077
0.850078
0.850079
0.85008
0.850081
0.850082
0.850083
0.850084
0.850085
0.850086
0.850087
0.850088
0.850089
0.85009
0.850091
0.850092
0.850093
0.850094
0.850095
0.850096
0.850097
0.850098
0.850099
0.9
0.900001
0.900002
0.900003
0.900004
0.900005
0.900006
0.900007
0.900008
0.900009
0.90001
0.900011
0.900012
0.900013
0.900014
0.900015
0.900016
0.900017
0.900018
0.900019
0.90002
0.900021
0.900022
0.900023
0.900024
0.900025
0.900026
0.900027
0.900028
0.900029
0.90003
0.900031
0.900032
0.900033
0.900034
0.900035
0.900036
0.900037
0.900038
0.900039
0.90004
0.900041
0.900042
0.900043
0.900044
0.900045
0.900046
0.900047
0.900048
0.900049
0.90005
0.900051
0.900052
0.900053
0.900054
0.900055
0.900056
0.900057
0.900058
0.900059
0.90006
0.900061
0.900062
0.900063
0.900064
0.900065
0.900066
0.900067
0.900068
0.900069
0.90007
0.900071
0.900072
0.900073
0.900074
0.900075
0.900076
0.900077
0.900078
0.900079
0.90008
0.900081
0.900082
0.900083
0.900084
0.900085
0.900086
0.900087
0.900088
0.900089
0.90009
0.900091
0.900092
0.900093
0.900094
0.900095
0.900096
0.900097
0.900098
0.900099
0.95
0.950001
0.950002
0.950003
0.950004
0.950005
0.950006
0.950007
0.950008
0.950009
0.95001
0.950011
0.950012
0.950013
0.950014
0.950015
0.950016
0.950017
0.950018
0.950019
0.95002
0.950021
0.950022
0.950023
0.950024
0.950025
0.950026
0.950027
0.950028
0.950029
0.95003
0.950031
0.950032
0.950033
0.950034
0.950035
0.950036
0.950037
0.950038
0.950039
0.95004
0.950041
0.950042
0.950043
0.950044
0.950045
0.950046
0.950047
0.950048
0.950049
0.95005
0.950051
0.950052
0.950053
0.950054
0.950055
0.950056
0.950057
0.950058
0.950059
0.95006
0.950061
0.950062
0.950063
0.950064
0.950065
0.950066
0.950067
0.950068
0.950069
0.95007
0.950071
0.950072
0.950073
0.950074
0.950075
0.950076
0.950077
0.950078
0.950079
0.95008
0.950081
0.950082
0.950083
0.950084
0.950085
0.950086
0.950087
0.950088
0.950089
0.95009
0.950091
0.950092
0.950093
0.950094
0.950095
0.950096
0.950097
0.950098
0.950099
0.99
0.990001
0.990002
0.990003
0.990004
0.990005
0.990006
0.990007
0.990008
0.990009
0.99001
0.990011
0.990012
0.990013
0.990014
0.990015
0.990016
0.990017
0.990018
0.990019
0.99002
0.990021
0.990022
0.990023
0.990024
0.990025
0.990026
0.990027
0.990028
0.990029
0.99003
0.990031
0.990032
0.990033
0.990034
0.990035
0.990036
0.990037
0.990038
0.990039
0.99004
0.990041
0.990042
0.990043
0.990044
0.990045
0.990046
0.990047
0.990048
0.990049
0.99005
0.990051
0.990052
0.990053
0.990054
0.990055
0.990056
0.990057
0.990058
0.990059
0.99006
0.990061
0.990062
0.990063
0.990064
0.990065
0.990066
0.990067
0.990068
0.990069
0.99007
0.990071
0.990072
0.990073
0.990074
0.990075
0.990076
0.990077
0.990078
0.990079
0.99008
0.990081
0.990082
0.990083
0.990084
0.990085
0.990086
0.990087
0.990088
0.990089
0.99009
0.990091
0.990092
0.990093
0.990094
0.990095
0.990096
0.990097
0.990098
0.990099
0.8
0.800001
0.800002
0.800003
0.800004
0.800005
0.800006
0.800007
0.800008
0.800009
0.80001
0.800011
0.800012
0.800013
0.800014
0.800015
0.800016
0.800017
0.800018
0.800019
0.80002
0.800021
0.800022
0.800023
0.800024
0.800025
0.800026
0.800027
0.800028
0.800029
0.80003
0.800031
0.800032
0.800033
0.800034
0.800035
0.800036
0.800037
0.800038
0.800039
0.80004
0.800041
0.800042
0.800043
0.800044
0.800045
0.800046
0.800047
0.800048
0.800049
0.80005
0.800051
0.800052
0.800053
0.800054
0.800055
0.800056
0.800057
0.800058
0.800059
0.80006
0.800061
0.800062
0.800063
0.800064
0.800065
0.800066
0.800067
0.800068
0.800069
0.80007
0.800071
0.800072
0.800073
0.800074
0.800075
0.800076
0.800077
0.800078
0.800079
0.80008
0.800081
0.800082
0.800083
0.800084
0.800085
0.800086
0.800087
0.800088
0.800089
0.80009
0.800091
0.800092
0.800093
0.800094
0.800095
0.800096
0.800097
0.800098
0.800099
0.85
0.850001
0.850002
0.850003
0.850004
0.850005
0.850006
0.850007
0.850008
0.850009
0.85001
0.850011
0.850012
0.850013
0.850014
0.850015
0.850016
0.850017
0.850018
0.850019
0.85002
0.850021
0.850022
0.850023
0.850024
0.850025
0.850026
0.850027
0.850028
0.850029
0.85003
0.850031
0.850032
0.850033
0.850034
0.850035
0.850036
0.850037
0.850038
0.850039
0.85004
0.850041
0.850042
0.850043
0.850044
0.850045
0.850046
0.850047
0.850048
0.850049
0.85005
0.850051
0.850052
0.850053
0.850054
0.850055
0.850056
0.850057
0.850058
0.850059
0.85006
0.850061
0.850062
0.850063
0.850064
0.850065
0.850066
0.850067
0.850068
0.850069
0.85007
0.850071
0.850072
0.850073
0.850074
0.850075
0.850076
0.850077
0.850078
0.850079
0.85008
0.850081
0.850082
0.850083
0.850084
0.850085
0.850086
0.850087
0.850088
0.850089
0.85009
0.850091
0.850092
0.850093
0.850094
0.850095
0.850096
0.850097
0.850098
0.850099
0.9
0.900001
0.900002
0.900003
0.900004
0.900005
0.900006
0.900007
0.900008
0.900009
0.90001
0.900011
0.900012
0.900013
0.900014
0.900015
0.900016
0.900017
0.900018
0.900019
0.90002
0.900021
0.900022
0.900023
0.900024
0.900025
0.900026
0.900027
0.900028
0.900029
0.90003
0.900031
0.900032
0.900033
0.900034
0.900035
0.900036
0.900037
0.900038
0.900039
0.90004
0.900041
0.900042
0.900043
0.900044
0.900045
0.900046
0.900047
0.900048
0.900049
0.90005
0.900051
0.900052
0.900053
0.900054
0.900055
0.900056
0.900057
0.900058
0.900059
0.90006
0.900061
0.900062
0.900063
0.900064
0.900065
0.900066
0.900067
0.900068
0.900069
0.90007
0.900071
0.900072
0.900073
0.900074
0.900075
0.900076
0.900077
0.900078
0.900079
0.90008
0.900081
0.900082
0.900083
0.900084
0.900085
0.900086
0.900087
0.900088
0.900089
0.90009
0.900091
0.900092
0.900093
0.900094
0.900095
0.900096
0.900097
0.900098
0.900099
0.95
0.950001
0.950002
0.950003
0.950004
0.950005
0.950006
0.950007
0.950008
0.950009
0.95001
0.950011
0.950012
0.950013
0.950014
0.950015
0.950016
0.950017
0.950018
0.950019
0.95002
0.950021
0.950022
0.950023
0.950024
0.950025
0.950026
0.950027
0.950028
0.950029
0.95003
0.950031
0.950032
0.950033
0.950034
0.950035
0.950036
0.950037
0.950038
0.950039
0.95004
0.950041
0.950042
0.950043
0.950044
0.950045
0.950046
0.950047
0.950048
0.950049
0.95005
0.950051
0.950052
0.950053
0.950054
0.950055
0.950056
0.950057
0.950058
0.950059
0.95006
0.950061
0.950062
0.950063
0.950064
0.950065
0.950066
0.950067
0.950068
0.950069
0.95007
0.950071
0.950072
0.950073
0.950074
0.950075
0.950076
0.950077
0.950078
0.950079
0.95008
0.950081
0.950082
0.950083
0.950084
0.950085
0.950086
0.950087
0.950088
0.950089
0.95009
0.950091
0.950092
0.950093
0.950094
0.950095
0.950096
0.950097
0.950098
0.950099
0.99
0.990001
0.990002
0.990003
0.990004
0.990005
0.990006
0.990007
0.990008
0.990009
0.99001
0.990011
0.990012
0.990013
0.990014
0.990015
0.990016
0.990017
0.990018
0.990019
0.99002
0.990021
0.990022
0.990023
0.990024
0.990025
0.990026
0.990027
0.990028
0.990029
0.99003
0.990031
0.990032
0.990033
0.990034
0.990035
0.990036
0.990037
0.990038
0.990039
0.99004
0.990041
0.990042
0.990043
0.990044
0.990045
0.990046
0.990047
0.990048
0.990049
0.99005
0.990051
0.990052
0.990053
0.990054
0.990055
0.990056
0.990057
0.990058
0.990059
0.99006
0.990061
0.990062
0.990063
0.990064
0.990065
0.990066
0.990067
0.990068
0.990069
0.99007
0.990071
0.990072
0.990073
0.990074
0.990075
0.990076
0.990077
0.990078
0.990079
0.99008
0.990081
0.990082
0.990083
0.990084
0.990085
0.990086
0.990087
0.990088
0.990089
0.99009
0.990091
0.990092
0.990093
0.990094
0.990095
0.990096
0.990097
0.990098
0.990099
